0	1.0755
1	1.9460
2	3.4365
3	2.0359
4	2.7028
5	2.1827
6	11.7709
7	1.5170
8	1.0148
9	1.7649
10	1.8874
11	1.0319
12	2.1441
13	2.3019
14	1.8235
15	1.6616
16	1.0218
17	1.4696
18	1.2438
19	1.7312
20	1.0412
21	1.4266
22	5.1716
23	1.5099
24	1.5829
25	2.4350
26	4.0961
27	1.2880
28	1.0144
29	1.0010
30	3.1407
31	1.7665
32	10.4114
33	2.5013
34	1.4545
35	2.9618
36	2.4098
37	2.3768
38	1.7470
39	2.0026
40	1.9529
41	1.9789
42	1.7308
43	1.4599
44	1.5734
45	2.5020
46	1.9164
47	1.4667
48	1.0703
49	2.7888
50	1.7632
51	1.8542
52	1.4874
53	2.6587
54	1.0891
55	1.9688
56	1.3814
57	2.1819
58	7.1260
59	2.2899
60	1.3582
61	1.0206
62	3.3499
63	1.6560
64	3.1753
65	1.0888
66	1.7233
67	1.3439
68	2.0127
69	2.4244
70	1.0081
71	1.1059
72	2.8801
73	1.1087
74	1.0568
75	2.2408
76	1.7269
77	2.3048
78	1.6523
79	2.3087
80	1.0113
81	1.1842
82	1.4116
83	2.2109
84	2.1569
85	1.5996
86	3.1519
87	7.3145
88	1.1030
89	1.0002
90	1.3968
91	1.4533
92	2.0629
93	2.6200
94	1.7625
95	1.8879
96	3.7802
97	2.7005
98	2.1057
99	2.3155
100	1.0631
101	1.8192
102	4.4348
103	1.4569
104	2.0434
105	6.9302
106	3.9514
107	1.7788
108	4.0197
109	1.7992
110	1.7032
111	2.3307
112	2.7466
113	2.3214
114	2.5110
115	4.9854
116	2.2196
117	2.2578
118	1.3105
119	1.4924
120	1.3479
121	1.2979
122	3.6077
123	1.5036
124	1.0313
125	1.0471
126	1.6504
127	2.3149
128	1.8143
129	1.8188
130	1.6967
131	2.3924
132	1.0341
133	1.7204
134	2.0761
135	2.2696
136	2.8091
137	2.6805
138	1.0006
139	1.0912
140	1.3231
141	1.0965
142	2.2883
143	1.2995
144	2.4085
145	1.0901
146	1.2468
147	1.3228
148	2.2471
149	1.6994
150	1.0515
151	1.0326
152	1.2734
153	5.3671
154	1.8494
155	1.7543
156	1.4524
157	2.5172
158	1.1331
159	5.7718
160	3.2807
161	1.4806
162	4.3479
163	1.9769
164	2.7661
165	1.0223
166	2.2111
167	2.3747
168	1.1415
169	1.5879
170	2.4344
171	2.2137
172	3.3493
173	1.5279
174	2.5197
175	2.2280
176	1.6672
177	1.3899
178	1.9293
179	3.4024
180	2.1539
181	4.4500
182	1.9874
183	1.6590
184	1.0462
185	1.5174
186	1.4420
187	2.7937
188	1.8912
189	1.2013
190	3.9259
191	2.0438
192	1.1623
193	2.8544
194	1.6006
195	3.1826
196	5.4780
197	2.2642
198	4.1526
199	1.3734
200	2.4150
201	3.4763
202	1.3516
203	1.2960
204	1.7353
205	1.0156
206	2.0886
207	2.3553
208	3.6180
209	1.4476
210	2.1821
211	2.2972
212	2.1287
213	3.8086
214	2.8441
215	1.8580
216	2.6052
217	2.6648
218	2.4132
219	1.6656
220	1.6506
221	1.0080
222	1.9407
223	1.6724
224	1.9412
225	2.3780
226	2.2666
227	1.7380
228	3.1922
229	1.9497
230	2.7734
231	3.2468
232	7.3156
233	1.1504
234	1.9937
235	1.2419
236	1.7297
237	1.7035
238	1.0352
239	1.4493
240	4.5295
241	1.0862
242	1.1820
243	1.1538
244	1.2528
245	2.2262
246	2.2588
247	1.4956
248	1.1669
249	1.1263
250	2.0598
251	1.9564
252	1.5401
253	5.3522
254	3.0644
255	1.5737
256	1.0056
257	1.7182
258	1.1453
259	1.4502
260	5.7044
261	9.0330
262	1.3039
263	1.2100
264	1.5170
265	2.4125
266	3.5567
267	1.5091
268	1.9429
269	2.0105
270	1.9395
271	1.7499
272	3.9833
273	2.3041
274	1.4722
275	1.6696
276	2.5775
277	3.8034
278	1.0592
279	1.8598
280	1.6467
281	1.2111
282	1.0308
283	3.3055
284	2.2574
285	3.6760
286	1.6746
287	5.6382
288	1.2809
289	2.5219
290	1.4105
291	2.3161
292	6.7528
293	3.6036
294	1.8134
295	2.9982
296	2.9114
297	2.0317
298	1.8357
299	1.7519
300	2.0924
301	5.6060
302	2.4755
303	3.7041
304	2.4935
305	1.9170
306	1.0544
307	1.5540
308	1.6435
309	1.8634
310	1.4280
311	1.0998
312	2.1713
313	5.5669
314	1.3472
315	1.0700
316	1.4534
317	1.1800
318	1.7020
319	2.0921
320	1.3635
321	1.7006
322	2.8221
323	1.5846
324	9.1158
325	1.7015
326	4.7826
327	3.5401
328	3.1143
329	1.1620
330	2.2431
331	2.4580
332	2.7297
333	1.3452
334	1.9081
335	23.1541
336	2.8740
337	2.9800
338	5.2744
339	1.4746
340	4.3649
341	9.3488
342	2.7625
343	7.7078
344	1.7395
345	2.7128
346	1.4810
347	3.0871
348	1.7253
349	2.0023
350	1.2321
351	2.0640
352	1.6174
353	1.4079
354	3.7463
355	1.7773
356	1.2429
357	1.1740
358	1.8089
359	1.7427
360	3.0169
361	1.3771
362	2.2091
363	2.2863
364	5.2310
365	2.3618
366	3.6263
367	1.9265
368	2.3245
369	2.1360
370	1.4552
371	1.3518
372	2.0138
373	3.7624
374	2.5044
375	1.6421
376	1.5199
377	1.7966
378	1.5953
379	2.7866
380	6.9656
381	2.1466
382	2.6591
383	1.6470
384	2.4583
385	2.3214
386	1.0834
387	1.0705
388	1.0182
389	2.2377
390	1.3519
391	1.5629
392	1.6673
393	7.0448
394	1.1465
395	2.0634
396	2.1898
397	2.1723
398	2.5180
399	1.3801
400	1.3672
401	1.6762
402	1.3446
403	1.3976
404	1.9558
405	2.1498
406	1.2701
407	3.6459
408	1.2530
409	3.3319
410	2.5252
411	1.4534
412	1.7258
413	1.5321
414	1.6561
415	1.0851
416	2.7353
417	1.9632
418	3.1813
419	2.4130
420	1.6222
421	3.4809
422	3.0028
423	1.5694
424	1.9680
425	1.0954
426	1.8681
427	2.6004
428	2.1055
429	1.4295
430	1.6474
431	1.1258
432	1.8886
433	1.1000
434	6.8085
435	1.6084
436	1.7071
437	4.5131
438	6.0702
439	1.1869
440	4.1810
441	1.3631
442	2.9353
443	2.9881
444	3.6351
445	2.0968
446	1.6481
447	1.6141
448	4.6779
449	1.7959
450	2.6069
451	3.6317
452	1.0552
453	1.6927
454	2.1126
455	3.7116
456	1.4560
457	3.1641
458	1.4368
459	2.5520
460	4.8657
461	2.6745
462	2.2692
463	1.4807
464	1.5379
465	1.8806
466	3.6854
467	1.3004
468	1.0294
469	2.3869
470	1.0206
471	1.0726
472	1.6168
473	1.0083
474	1.6438
475	1.7080
476	2.5438
477	3.2884
478	2.9446
479	2.2941
480	1.1344
481	1.6272
482	1.1395
483	1.0210
484	1.7902
485	1.1262
486	1.7282
487	1.0293
488	1.9975
489	2.2867
490	5.8403
491	1.4802
492	1.5403
493	1.1436
494	4.9889
495	1.5225
496	1.1466
497	1.0162
498	1.9397
499	2.3823
500	1.0686
501	2.1534
502	4.8708
503	1.0511
504	4.6242
505	2.9445
506	1.3369
507	1.6724
508	1.5000
509	1.7451
510	2.8442
511	1.5626
512	1.0680
513	1.9950
514	1.2817
515	1.3995
516	3.4468
517	2.9792
518	1.5965
519	2.5507
520	2.2819
521	1.3220
522	2.5477
523	3.5408
524	2.3710
525	3.8596
526	1.4862
527	4.8077
528	2.6583
529	5.4216
530	3.8751
531	4.3175
532	1.9740
533	7.3693
534	1.2623
535	2.4244
536	2.0354
537	2.8764
538	2.2618
539	1.3620
540	2.1754
541	1.3790
542	1.8268
543	1.7466
544	1.5235
545	1.6207
546	3.4484
547	1.2610
548	1.6973
549	1.7289
550	1.6182
551	2.7151
552	1.5678
553	1.8852
554	4.7586
555	1.2531
556	2.1858
557	3.2738
558	1.9213
559	2.7517
560	1.6611
561	2.0292
562	1.2509
563	2.6916
564	3.1243
565	1.4624
566	1.7228
567	1.0782
568	1.2742
569	2.1689
570	1.0649
571	2.3604
572	1.0627
573	2.1239
574	2.4488
575	1.5183
576	2.4138
577	2.0891
578	1.0029
579	2.0168
580	1.0295
581	1.0108
582	2.2509
583	1.0570
584	1.9954
585	2.6666
586	2.1388
587	2.6095
588	2.9792
589	3.9216
590	5.8732
591	1.2616
592	2.1403
593	2.5501
594	1.1051
595	1.0886
596	1.2474
597	2.5940
598	2.3996
599	1.9429
600	1.9692
601	1.0812
602	2.6561
603	1.6015
604	1.9207
605	1.0742
606	2.0726
607	2.1068
608	1.1919
609	1.8977
610	1.3593
611	2.3669
612	2.0896
613	1.7224
614	1.0777
615	1.7644
616	1.0168
617	4.9287
618	1.2042
619	2.6645
620	2.3929
621	1.6513
622	2.7202
623	1.5044
624	3.6983
625	2.3175
626	2.9752
627	3.2919
628	1.9681
629	1.7227
630	2.2765
631	2.9126
632	2.0490
633	1.4730
634	1.9207
635	1.0646
636	1.2745
637	2.2579
638	1.4097
639	1.0477
640	2.9766
641	4.1230
642	2.4112
643	1.4862
644	1.1235
645	1.0983
646	2.3740
647	5.4569
648	1.6059
649	2.2921
650	4.4273
651	2.9217
652	2.0916
653	3.4762
654	3.2099
655	2.0966
656	1.5456
657	1.1391
658	8.9073
659	1.2407
660	1.0204
661	1.1492
662	1.5078
663	1.2044
664	1.5008
665	3.5821
666	1.0160
667	1.0018
668	1.6279
669	1.2610
670	1.1758
671	2.1829
672	1.3869
673	1.2520
674	1.8946
675	1.5124
676	1.3999
677	2.4152
678	1.5113
679	1.5341
680	1.5308
681	4.7739
682	2.3519
683	1.2573
684	1.1039
685	1.3965
686	1.1590
687	1.9560
688	1.9349
689	5.3093
690	2.7904
691	5.6907
692	2.8326
693	1.1584
694	4.5512
695	1.4622
696	4.1504
697	1.5668
698	1.4299
699	1.3900
700	1.9288
701	1.6179
702	1.0043
703	1.0060
704	1.0390
705	1.0024
706	1.1606
707	1.0060
708	2.2033
709	1.0157
710	3.3528
711	1.2751
712	2.3363
713	1.7594
714	1.8221
715	3.0277
716	2.3384
717	1.4473
718	2.5329
719	1.3895
720	1.1815
721	4.7168
722	2.2614
723	1.5593
724	3.1347
725	3.1670
726	2.7754
727	3.1830
728	2.9995
729	1.5510
730	3.6156
731	4.6988
732	1.8921
733	1.9177
734	1.0779
735	1.5731
736	1.6875
737	2.1156
738	2.0830
739	1.7565
740	2.2286
741	2.5369
742	2.3925
743	2.2657
744	2.2820
745	2.3789
746	1.6122
747	1.6478
748	2.6074
749	1.5493
750	1.3958
751	1.6316
752	4.6665
753	2.1719
754	1.9750
755	1.4838
756	1.7123
757	1.3726
758	8.3042
759	1.2363
760	2.1164
761	2.5956
762	1.6396
763	1.6566
764	1.8093
765	1.1441
766	3.3376
767	2.0149
768	1.7630
769	1.4523
770	1.8202
771	2.5438
772	3.1834
773	1.3660
774	10.8991
775	1.6300
776	1.0243
777	2.2417
778	1.7434
779	1.2987
780	1.2601
781	1.0442
782	1.8825
783	2.2483
784	1.4573
785	2.4887
786	3.1857
787	4.3037
788	2.9691
789	2.5511
790	1.2108
791	1.1142
792	2.4458
793	2.7257
794	1.3886
795	1.6192
796	2.3763
797	1.1745
798	1.3051
799	2.8090
800	1.3341
801	8.0774
802	1.2664
803	3.4557
804	2.0741
805	1.0023
806	2.0945
807	1.8189
808	4.8074
809	1.0134
810	1.5093
811	1.3499
812	1.7488
813	2.2078
814	3.2179
815	2.4925
816	2.1297
817	1.8287
818	1.0100
819	1.3197
820	1.0505
821	2.6983
822	1.9885
823	5.0875
824	2.1674
825	1.0274
826	1.5300
827	1.3113
828	1.0244
829	1.3118
830	3.0036
831	2.0032
832	1.8320
833	1.0220
834	1.0296
835	1.0069
836	1.0115
837	2.9237
838	2.6712
839	2.6910
840	4.4829
841	8.6839
842	1.9541
843	2.2338
844	2.2064
845	2.0638
846	2.1626
847	1.4446
848	1.7787
849	3.2156
850	2.0740
851	3.5774
852	7.8422
853	3.0267
854	2.1188
855	2.2169
856	3.1682
857	5.0075
858	7.1563
859	1.0077
860	1.3680
861	4.9831
862	2.0477
863	2.8136
864	1.6621
865	3.1994
866	1.7405
867	1.5656
868	11.9348
869	3.0276
870	5.4456
871	1.7659
872	1.0005
873	2.1956
874	4.2110
875	1.1320
876	1.4998
877	3.1495
878	1.3680
879	1.4444
880	3.8349
881	2.2963
882	1.1205
883	3.8802
884	1.7566
885	1.0403
886	1.0513
887	1.6934
888	1.2966
889	2.0111
890	3.0705
891	1.9128
892	3.2313
893	1.8969
894	1.5310
895	1.7411
896	2.0867
897	4.3591
898	1.9605
899	1.7329
900	3.2103
901	2.1240
902	1.5031
903	2.0321
904	4.6565
905	1.6935
906	8.4099
907	2.5773
908	2.0060
909	1.9275
910	1.4699
911	2.0504
912	1.3908
913	1.3548
914	1.7587
915	2.9898
916	1.9736
917	1.1454
918	1.3919
919	3.7200
920	1.4286
921	2.2532
922	5.2698
923	2.5587
924	2.1926
925	1.9687
926	4.7828
927	1.6747
928	3.4428
929	1.8274
930	1.1090
931	2.4064
932	3.8728
933	2.5944
934	2.7612
935	1.0163
936	2.0318
937	1.0620
938	3.1077
939	1.2289
940	1.1271
941	3.3845
942	1.4830
943	3.6343
944	2.6758
945	1.1611
946	3.1796
947	2.1808
948	2.4856
949	7.0887
950	1.2280
951	1.3682
952	5.1041
953	3.5787
954	1.5300
955	2.6352
956	1.7012
957	1.4090
958	2.5005
959	2.2959
960	2.8843
961	2.4281
962	2.6298
963	2.2112
964	1.9785
965	3.0293
966	4.1403
967	2.3827
968	2.6884
969	1.0292
970	5.9378
971	1.4140
972	2.3036
973	1.7850
974	2.6781
975	2.2547
976	2.5469
977	3.1068
978	3.4911
979	2.2027
980	4.7562
981	1.6142
982	2.4450
983	1.4926
984	2.1527
985	2.0645
986	1.5214
987	1.1615
988	1.8399
989	1.8368
990	5.4604
991	1.6430
992	2.2507
993	1.3192
994	1.1995
995	1.5413
996	1.5514
997	2.7547
998	1.6425
999	1.8241
1000	3.3495
1001	1.3498
1002	1.6100
1003	2.1802
1004	1.7588
1005	1.5483
1006	1.0207
1007	1.0726
1008	1.1821
1009	1.6600
1010	2.1941
1011	2.0195
1012	1.1525
1013	4.0124
1014	4.6203
1015	1.3583
1016	3.3444
1017	2.3804
1018	5.2579
1019	2.3744
1020	1.0661
1021	1.1350
1022	1.2283
1023	2.5397
1024	2.0929
1025	1.2477
1026	2.2436
1027	1.8258
1028	1.4808
1029	1.0389
1030	2.8099
1031	9.5105
1032	1.8541
1033	2.4591
1034	1.8211
1035	1.9485
1036	1.7355
1037	5.4110
1038	1.5765
1039	2.2489
1040	2.8048
1041	12.3902
1042	1.0786
1043	2.6769
1044	2.1050
1045	2.6048
1046	1.4448
1047	1.9224
1048	2.2438
1049	3.9392
1050	3.0908
1051	1.4821
1052	4.1956
1053	1.7676
1054	4.1351
1055	1.2935
1056	3.8565
1057	4.8073
1058	3.1837
1059	1.8765
1060	1.5285
1061	3.3791
1062	6.7444
1063	1.5368
1064	5.5366
1065	4.9472
1066	3.1461
1067	2.1422
1068	2.0858
1069	1.8931
1070	1.3026
1071	1.9847
1072	1.9079
1073	2.0202
1074	3.1054
1075	2.3792
1076	1.7057
1077	1.7645
1078	2.7780
1079	1.3921
1080	3.3410
1081	1.6522
1082	2.1504
1083	1.4795
1084	1.9644
1085	1.1250
1086	2.9915
1087	1.8656
1088	1.6902
1089	1.0673
1090	1.7603
1091	4.5251
1092	2.2446
1093	4.3586
1094	3.5270
1095	2.6149
1096	1.3284
1097	3.0467
1098	2.0482
1099	2.2886
1100	1.3756
1101	3.2810
1102	4.4225
1103	3.4970
1104	1.4034
1105	1.2582
1106	2.3863
1107	1.3216
1108	2.3597
1109	1.0130
1110	1.5959
1111	3.2455
1112	2.1812
1113	2.8912
1114	2.0071
1115	2.3816
1116	2.6708
1117	10.3801
1118	2.0302
1119	5.2982
1120	1.4163
1121	2.1868
1122	1.6523
1123	2.7143
1124	3.5586
1125	1.7261
1126	3.2504
1127	1.4086
1128	2.1581
1129	1.0177
1130	5.7153
1131	4.4115
1132	3.5951
1133	2.0157
1134	2.7378
1135	3.1778
1136	1.2540
1137	2.7197
1138	1.9431
1139	2.0128
1140	2.9777
1141	1.3283
1142	1.5279
1143	2.4906
1144	6.3087
1145	2.2510
1146	1.9647
1147	2.2142
1148	9.9765
1149	4.7758
1150	2.7325
1151	1.5354
1152	2.8475
1153	2.6729
1154	2.3712
1155	2.5470
1156	8.9339
1157	1.5742
1158	2.1254
1159	2.0999
1160	5.0849
1161	5.0077
1162	4.8293
1163	1.7898
1164	2.3474
1165	2.0162
1166	9.3185
1167	1.9682
1168	2.1573
1169	2.1648
1170	5.8282
1171	6.8208
1172	3.7000
1173	6.7286
1174	1.9644
1175	2.3129
1176	1.6823
1177	1.8846
1178	1.6480
1179	1.5599
1180	2.3358
1181	1.1916
1182	2.1834
1183	2.7867
1184	1.6566
1185	2.7753
1186	1.0171
1187	1.2276
1188	1.1739
1189	2.3015
1190	2.0929
1191	1.3801
1192	1.0781
1193	1.3864
1194	2.1902
1195	1.8558
1196	1.3323
1197	2.3563
1198	1.2785
1199	3.7687
1200	1.5548
1201	1.5179
1202	3.2819
1203	1.3844
1204	1.9184
1205	1.0304
1206	1.0139
1207	1.3140
1208	2.5931
1209	1.7279
1210	2.2636
1211	1.0066
1212	1.2112
1213	1.4010
1214	1.5909
1215	1.8384
1216	1.0098
1217	1.8395
1218	1.6083
1219	1.2916
1220	1.2557
1221	1.6403
1222	1.0763
1223	3.4191
1224	2.9286
1225	3.8972
1226	3.0156
1227	3.0884
1228	1.7187
1229	2.4272
1230	3.6391
1231	2.1411
1232	1.4879
1233	1.7121
1234	1.2014
1235	1.3428
1236	1.3157
1237	1.1064
1238	2.7300
1239	2.1410
1240	1.7967
1241	1.7357
1242	1.9552
1243	1.5140
1244	1.9753
1245	2.3268
1246	3.5603
1247	1.0528
1248	4.7640
1249	1.5678
1250	1.1595
1251	2.5566
1252	1.1848
1253	3.1536
1254	2.0515
1255	1.5224
1256	1.8500
1257	2.8063
1258	2.9037
1259	5.5428
1260	1.5932
1261	2.1601
1262	3.3894
1263	2.3815
1264	1.7362
1265	2.1279
1266	1.4058
1267	3.0484
1268	2.1287
1269	2.3141
1270	6.5443
1271	2.8339
1272	1.7754
1273	1.3440
1274	2.0561
1275	2.5897
1276	2.7163
1277	1.5795
1278	1.5406
1279	1.8570
1280	1.7509
1281	3.4169
1282	5.8202
1283	1.5713
1284	5.6110
1285	1.9099
1286	1.7528
1287	1.8932
1288	2.0981
1289	1.6295
1290	1.5286
1291	1.6142
1292	2.4260
1293	2.1405
1294	4.2503
1295	2.4568
1296	1.7075
1297	1.2837
1298	1.3027
1299	1.7408
1300	3.5376
1301	6.2244
1302	3.3561
1303	2.5176
1304	3.4686
1305	5.3345
1306	3.3902
1307	2.2065
1308	3.4944
1309	1.6769
1310	1.8694
1311	1.9475
1312	2.6567
1313	3.7850
1314	2.1750
1315	2.4432
1316	2.6223
1317	3.0622
1318	3.4087
1319	1.9357
1320	3.3622
1321	1.2057
1322	2.4988
1323	2.2946
1324	2.4695
1325	1.8183
1326	2.0086
1327	1.8164
1328	3.1235
1329	2.7208
1330	3.4162
1331	5.8844
1332	2.3836
1333	2.9043
1334	2.6426
1335	2.4407
1336	2.7475
1337	2.4015
1338	1.7933
1339	1.5640
1340	1.4916
1341	2.5111
1342	1.7589
1343	1.5861
1344	1.9466
1345	2.7709
1346	2.3319
1347	1.4646
1348	1.6580
1349	1.4247
1350	3.6506
1351	2.2264
1352	1.0369
1353	2.9042
1354	1.9623
1355	1.3833
1356	1.2134
1357	1.0371
1358	1.2285
1359	2.5704
1360	1.4961
1361	1.9829
1362	1.4117
1363	1.0208
1364	1.3148
1365	1.8258
1366	2.6961
1367	1.7179
1368	1.3942
1369	1.0083
1370	1.5359
1371	1.1500
1372	1.7190
1373	2.2005
1374	1.0022
1375	1.8655
1376	2.6743
1377	1.4405
1378	1.1291
1379	3.8051
1380	1.6708
1381	2.0004
1382	1.0185
1383	1.6413
1384	1.2976
1385	3.9311
1386	3.9247
1387	1.7563
1388	2.5845
1389	1.7861
1390	4.1664
1391	2.1621
1392	1.8003
1393	1.3507
1394	1.1269
1395	1.1205
1396	1.0088
1397	3.0860
1398	2.9775
1399	2.9627
1400	2.8770
1401	1.7996
1402	3.6252
1403	2.7436
1404	1.3426
1405	4.4737
1406	1.5436
1407	1.7968
1408	1.4765
1409	1.6127
1410	5.0000
1411	2.5446
1412	1.5532
1413	1.0559
1414	3.5487
1415	1.3683
1416	31.3260
1417	3.1535
1418	12.0141
1419	2.0192
1420	1.0954
1421	1.9425
1422	1.2194
1423	1.5798
1424	6.8644
1425	3.2821
1426	1.5691
1427	2.7466
1428	1.8090
1429	8.5849
1430	2.6445
1431	9.0956
1432	13.1864
1433	4.2940
1434	4.9399
1435	2.4641
1436	1.4078
1437	1.2677
1438	1.9231
1439	2.3577
1440	1.3353
1441	2.2334
1442	3.3613
1443	2.5782
1444	2.0135
1445	2.4805
1446	1.9406
1447	2.4018
1448	2.0470
1449	2.0193
1450	2.9108
1451	3.4190
1452	2.0984
1453	2.2802
1454	3.0033
1455	2.2524
1456	2.6176
1457	2.3411
1458	3.5767
1459	1.0532
1460	1.7817
1461	3.1622
1462	5.3833
1463	1.7027
1464	1.0448
1465	2.3617
1466	1.6382
1467	1.1639
1468	6.1769
1469	1.4501
1470	1.1493
1471	4.4078
1472	1.4918
1473	5.3296
1474	2.4388
1475	3.7017
1476	5.1133
1477	2.2174
1478	1.4974
1479	4.3683
1480	5.8062
1481	3.0626
1482	5.4096
1483	1.5731
1484	2.2343
1485	1.0092
1486	1.7829
1487	3.3066
1488	2.3774
1489	2.0786
1490	1.7712
1491	1.3972
1492	3.3709
1493	1.3790
1494	1.2202
1495	2.7045
1496	3.0814
1497	2.2085
1498	2.9381
1499	2.8602
1500	2.2588
1501	6.9231
1502	5.4717
1503	4.1128
1504	3.5279
1505	3.3950
1506	1.2758
1507	6.2087
1508	2.6522
1509	2.4669
1510	2.5390
1511	2.8829
1512	4.5980
1513	1.5288
1514	3.5081
1515	3.6511
1516	1.8782
1517	1.4223
1518	1.7207
1519	1.0002
1520	1.9367
1521	2.5263
1522	2.4760
1523	3.3966
1524	3.5098
1525	3.1121
1526	1.2775
1527	5.0432
1528	1.2938
1529	1.3653
1530	3.4600
1531	1.9405
1532	4.4467
1533	1.6483
1534	2.6914
1535	1.0100
1536	1.6685
1537	4.2551
1538	2.1773
1539	1.7645
1540	4.1494
1541	2.0464
1542	2.2588
1543	1.7782
1544	2.4745
1545	1.8911
1546	1.5475
1547	2.4875
1548	1.4104
1549	1.9451
1550	2.4030
1551	1.1640
1552	1.2912
1553	1.9078
1554	4.0321
1555	1.5479
1556	1.6111
1557	2.4060
1558	1.7743
1559	2.4477
1560	7.2890
1561	1.8307
1562	1.7905
1563	2.7368
1564	1.0761
1565	2.2285
1566	1.4704
1567	1.6303
1568	1.0132
1569	1.6733
1570	1.3411
1571	1.5005
1572	2.6982
1573	1.1967
1574	2.5094
1575	1.6362
1576	1.5785
1577	8.5046
1578	1.1578
1579	2.6812
1580	2.0640
1581	2.2499
1582	1.2318
1583	1.3257
1584	2.2899
1585	2.0560
1586	4.2184
1587	1.5928
1588	1.7429
1589	1.0632
1590	1.6062
1591	2.4471
1592	2.3467
1593	1.4734
1594	5.0253
1595	1.7886
1596	1.3406
1597	1.7028
1598	1.8066
1599	2.0173
1600	1.3387
1601	1.1221
1602	3.1339
1603	4.0254
1604	1.4490
1605	1.8171
1606	2.2242
1607	1.7446
1608	1.5759
1609	1.4277
1610	2.2398
1611	1.8579
1612	2.0457
1613	1.1434
1614	1.6747
1615	1.8661
1616	1.5253
1617	2.2120
1618	1.1215
1619	1.7381
1620	3.1725
1621	7.3474
1622	1.7156
1623	1.1176
1624	2.2674
1625	1.9028
1626	4.0609
1627	3.0677
1628	1.1776
1629	4.8983
1630	1.9342
1631	3.7560
1632	1.9041
1633	2.7097
1634	1.2917
1635	1.0048
1636	2.2497
1637	5.6248
1638	1.0002
1639	1.7428
1640	2.5864
1641	2.5612
1642	1.9462
1643	1.9309
1644	1.8091
1645	1.9670
1646	2.2426
1647	3.1910
1648	2.2996
1649	3.0716
1650	1.9104
1651	1.0074
1652	3.1917
1653	1.5466
1654	1.3657
1655	1.3154
1656	1.0001
1657	1.9636
1658	1.1244
1659	1.8531
1660	1.6980
1661	2.4076
1662	1.0225
1663	1.2728
1664	2.1891
1665	2.9092
1666	1.0002
1667	1.2051
1668	1.0442
1669	2.2022
1670	1.8621
1671	3.9718
1672	1.7250
1673	1.5595
1674	1.0233
1675	2.2662
1676	1.0647
1677	1.7965
1678	2.9381
1679	1.5936
1680	2.3524
1681	3.3390
1682	1.0236
1683	4.5824
1684	2.2585
1685	1.7854
1686	1.0428
1687	1.2686
1688	1.0583
1689	1.8458
1690	1.6613
1691	1.1565
1692	1.8695
1693	2.2886
1694	3.4327
1695	2.9824
1696	1.0160
1697	1.2373
1698	2.2491
1699	1.9639
1700	1.2032
1701	1.2121
1702	1.0100
1703	1.7065
1704	1.4346
1705	3.7714
1706	2.0180
1707	1.3637
1708	1.2864
1709	1.0124
1710	2.9847
1711	1.0397
1712	2.0826
1713	2.4385
1714	4.7177
1715	2.5420
1716	1.5289
1717	1.7533
1718	1.0002
1719	3.2664
1720	1.0130
1721	1.9993
1722	1.8138
1723	1.3636
1724	1.7028
1725	2.4484
1726	207.7781
1727	2.8169
1728	1.5605
1729	1.0227
1730	2.8194
1731	1.6535
1732	2.2229
1733	2.6293
1734	1.0001
1735	1.2938
1736	2.3278
1737	2.0046
1738	1.9314
1739	1.0202
1740	1.4091
1741	1.6161
1742	3.0782
1743	3.2833
1744	1.0227
1745	2.6669
1746	5.3431
1747	3.4079
1748	2.4267
1749	1.7199
1750	2.9873
1751	3.0657
1752	5.6837
1753	4.4116
1754	2.7778
1755	2.4237
1756	3.6818
1757	1.4190
1758	3.9805
1759	1.0002
1760	2.7191
1761	5.1255
1762	3.1177
1763	2.1078
1764	1.8190
1765	4.7975
1766	2.5645
1767	8.1809
1768	2.3014
1769	3.5738
1770	1.8344
1771	2.5377
1772	4.3120
1773	3.1485
1774	2.2535
1775	1.8777
1776	7.3004
1777	2.3842
1778	3.8582
1779	1.0644
1780	1.1022
1781	1.5524
1782	2.1092
1783	3.8991
1784	1.5849
1785	1.0002
1786	4.2153
1787	2.7037
1788	3.3654
1789	4.9967
1790	4.0729
1791	3.7036
1792	3.2891
1793	1.7332
1794	2.9784
1795	3.1297
1796	3.7270
1797	3.1583
1798	5.2752
1799	1.9667
1800	2.2432
1801	5.4225
1802	1.2114
1803	2.4943
1804	1.0004
1805	2.0722
1806	2.8370
1807	2.5642
1808	1.3582
1809	1.5828
1810	2.3883
1811	1.2923
1812	1.4513
1813	2.7871
1814	1.8230
1815	1.2948
1816	2.0448
1817	1.0265
1818	1.4758
1819	1.6338
1820	1.4528
1821	1.3460
1822	1.4530
1823	1.9924
1824	1.0085
1825	1.2179
1826	1.5702
1827	1.9772
1828	1.6023
1829	1.7287
1830	5.2372
1831	1.5354
1832	1.9721
1833	1.0233
1834	2.7048
1835	1.0303
1836	5.9092
1837	1.3673
1838	1.2898
1839	1.5053
1840	1.0408
1841	1.7431
1842	2.1604
1843	3.1886
1844	1.3827
1845	1.6208
1846	2.0055
1847	1.2597
1848	1.5097
1849	2.0938
1850	3.3617
1851	1.8160
1852	5.0393
1853	1.3542
1854	1.4543
1855	1.4144
1856	3.0254
1857	3.1860
1858	1.0989
1859	2.7227
1860	1.8818
1861	1.6669
1862	2.5359
1863	1.4037
1864	2.3064
1865	1.4622
1866	2.1452
1867	2.7226
1868	1.0105
1869	1.1484
1870	1.0882
1871	1.2439
1872	1.1850
1873	3.0971
1874	1.0080
1875	1.1143
1876	2.2713
1877	2.1116
1878	1.9632
1879	1.4621
1880	2.1310
1881	2.2379
1882	1.0339
1883	1.3957
1884	5.1929
1885	1.0535
1886	1.0699
1887	1.5687
1888	1.0553
1889	1.3723
1890	16.4454
1891	6.5947
1892	1.5912
1893	1.4289
1894	1.8887
1895	1.0035
1896	1.5730
1897	2.0564
1898	1.1119
1899	7.3030
1900	1.9331
1901	1.0090
1902	4.1054
1903	1.0079
1904	1.6026
1905	1.0269
1906	1.5812
1907	1.0101
1908	77.4803
1909	1.0101
1910	3.2064
1911	9.3774
1912	1.3314
1913	6.3119
1914	1.0065
1915	1.7053
1916	1.8274
1917	1.1648
1918	4.2274
1919	1.2597
1920	1.0529
1921	1.0132
1922	2.2554
1923	1.3674
1924	2.1937
1925	1.4616
1926	1.5227
1927	1.2512
1928	3.0799
1929	1.4616
1930	1.4187
1931	1.5912
1932	1.1313
1933	1.7389
1934	1.0120
1935	2.7428
1936	1.4771
1937	3.9861
1938	2.5577
1939	2.4255
1940	3.9521
1941	1.2226
1942	1.9000
1943	2.8431
1944	1.0480
1945	2.1027
1946	1.0944
1947	1.7957
1948	1.5281
1949	1.8373
1950	1.7538
1951	1.9785
1952	1.0482
1953	1.9482
1954	1.4231
1955	2.5759
1956	2.0265
1957	1.4386
1958	1.2527
1959	1.3183
1960	2.0168
1961	1.4175
1962	2.4085
1963	3.0301
1964	1.3013
1965	1.7956
1966	1.7882
1967	1.4197
1968	1.7174
1969	1.0118
1970	2.1253
1971	1.6871
1972	2.5360
1973	1.5741
1974	1.0316
1975	1.6452
1976	1.6400
1977	2.2137
1978	2.0178
1979	1.7314
1980	1.5229
1981	1.0660
1982	2.0087
1983	2.0785
1984	2.3235
1985	2.0818
1986	3.3541
1987	3.8690
1988	4.5030
1989	1.6394
1990	1.8349
1991	1.2727
1992	1.6347
1993	1.1621
1994	2.7027
1995	1.9437
1996	1.3932
1997	1.6810
1998	3.8855
1999	1.0389
2000	2.7149
2001	2.1184
2002	7.9657
2003	4.3273
2004	1.1253
2005	2.0761
2006	1.1789
2007	1.1329
2008	1.7153
2009	4.8289
2010	4.2602
2011	1.0982
2012	1.3824
2013	1.7570
2014	1.4802
2015	2.0255
2016	1.3237
2017	1.6263
2018	1.6012
2019	2.9885
2020	2.1211
2021	2.1909
2022	1.0558
2023	1.7221
2024	2.6520
2025	1.2887
2026	1.7240
2027	2.2547
2028	3.4302
2029	2.8586
2030	1.7709
2031	1.4994
2032	2.6522
2033	5.0639
2034	1.8999
2035	2.1116
2036	1.6117
2037	1.6660
2038	2.3822
2039	1.8121
2040	1.1844
2041	4.4440
2042	1.4139
2043	2.4049
2044	1.6781
2045	1.4496
2046	1.9432
2047	2.9798
2048	4.7584
2049	1.6455
2050	1.3868
2051	2.6301
2052	1.2141
2053	1.1250
2054	3.0941
2055	1.3497
2056	1.7591
2057	1.2851
2058	1.2199
2059	1.0471
2060	1.3441
2061	1.0650
2062	1.1412
2063	2.5607
2064	1.2095
2065	2.7129
2066	3.1129
2067	1.0471
2068	1.3406
2069	2.2225
2070	3.8209
2071	1.8375
2072	2.0220
2073	20.8565
2074	1.2966
2075	1.4662
2076	1.7280
2077	3.8961
2078	1.7600
2079	1.6065
2080	2.0790
2081	4.3297
2082	2.2081
2083	2.4010
2084	1.0819
2085	3.0172
2086	1.0422
2087	1.7207
2088	1.5209
2089	2.9206
2090	2.0823
2091	12.5848
2092	1.5774
2093	1.5592
2094	1.3190
2095	2.1402
2096	3.4207
2097	1.3561
2098	2.0703
2099	1.0247
2100	1.2196
2101	1.0295
2102	1.4882
2103	1.6201
2104	1.4978
2105	2.2032
2106	2.9871
2107	1.5578
2108	1.5403
2109	1.2825
2110	1.0925
2111	2.2616
2112	2.6958
2113	1.6988
2114	2.0868
2115	1.6399
2116	2.2865
2117	1.9736
2118	1.5277
2119	3.2888
2120	3.2422
2121	2.3289
2122	2.9527
2123	2.4023
2124	4.3014
2125	1.2868
2126	7.7442
2127	2.9039
2128	1.2011
2129	2.0565
2130	2.2362
2131	1.5509
2132	1.6071
2133	1.1102
2134	2.3001
2135	1.6530
2136	1.7147
2137	1.1999
2138	1.0177
2139	2.6720
2140	1.2268
2141	1.0273
2142	1.0048
2143	2.0165
2144	2.4730
2145	3.0604
2146	1.0547
2147	1.1792
2148	1.8599
2149	1.7831
2150	1.6407
2151	1.6624
2152	3.4268
2153	4.4573
2154	1.9919
2155	1.8256
2156	2.7297
2157	2.8041
2158	1.0767
2159	1.7288
2160	1.9374
2161	1.7990
2162	1.8079
2163	1.7299
2164	1.5821
2165	1.0297
2166	1.9217
2167	1.0101
2168	2.7556
2169	1.2430
2170	1.5960
2171	3.3866
2172	14.2303
2173	1.3563
2174	1.1337
2175	2.6033
2176	2.8630
2177	1.0148
2178	3.0385
2179	2.6209
2180	1.6371
2181	3.6776
2182	2.3474
2183	4.7734
2184	2.1049
2185	2.9014
2186	1.2163
2187	1.0109
2188	1.8419
2189	1.9589
2190	1.3096
2191	2.3781
2192	2.5842
2193	2.6121
2194	1.6601
2195	4.6741
2196	2.8396
2197	1.6776
2198	1.0437
2199	1.6568
2200	1.7809
2201	2.5572
2202	3.6037
2203	1.8377
2204	1.5553
2205	1.4736
2206	1.7302
2207	1.1780
2208	2.1453
2209	1.3995
2210	1.9106
2211	2.5833
2212	2.1440
2213	2.9871
2214	5.4594
2215	2.1035
2216	1.0544
2217	1.0047
2218	2.3007
2219	1.1596
2220	2.0033
2221	1.0632
2222	1.4240
2223	1.2231
2224	2.0711
2225	1.4229
2226	1.4845
2227	1.4642
2228	2.3214
2229	1.3781
2230	2.0537
2231	1.5264
2232	1.1377
2233	1.4232
2234	1.2922
2235	1.8590
2236	3.9019
2237	2.6994
2238	1.9500
2239	3.8546
2240	1.9950
2241	1.0193
2242	1.2719
2243	2.4127
2244	1.8995
2245	2.1428
2246	1.1922
2247	1.9282
2248	2.7597
2249	2.7370
2250	1.6220
2251	1.2236
2252	2.5236
2253	2.0830
2254	1.1209
2255	1.8023
2256	2.4329
2257	1.5907
2258	1.0645
2259	1.1567
2260	1.4559
2261	4.1712
2262	2.3816
2263	1.4605
2264	1.0061
2265	1.5406
2266	1.4433
2267	1.0209
2268	1.3579
2269	1.5281
2270	1.0301
2271	3.7650
2272	1.5452
2273	2.4373
2274	1.0652
2275	2.0196
2276	2.0116
2277	13.0450
2278	1.3502
2279	3.2312
2280	7.2501
2281	2.7784
2282	2.0973
2283	2.6908
2284	4.0691
2285	3.2673
2286	1.5990
2287	1.0142
2288	2.6836
2289	2.2534
2290	1.4661
2291	3.2202
2292	2.0101
2293	2.0229
2294	2.9498
2295	3.2115
2296	1.1817
2297	1.8828
2298	1.2082
2299	2.6486
2300	1.8224
2301	3.4147
2302	4.2016
2303	1.2361
2304	7.1327
2305	11.1035
2306	53.5624
2307	2.7416
2308	1.6663
2309	3.9836
2310	1.6426
2311	1.1095
2312	2.6906
2313	1.2783
2314	2.5234
2315	1.3228
2316	1.6704
2317	1.6562
2318	1.0501
2319	1.5363
2320	1.3722
2321	2.1896
2322	1.2486
2323	1.9220
2324	2.1631
2325	3.1031
2326	2.6296
2327	2.1412
2328	1.6254
2329	2.2790
2330	3.7937
2331	2.5264
2332	1.1616
2333	3.4930
2334	1.5262
2335	1.1936
2336	2.2991
2337	2.7512
2338	1.6622
2339	1.2963
2340	9.3810
2341	1.4143
2342	1.2734
2343	2.7366
2344	1.2920
2345	5.8509
2346	2.2270
2347	2.2125
2348	2.0176
2349	1.4455
2350	3.1658
2351	2.9876
2352	3.0052
2353	1.1976
2354	2.6917
2355	3.3167
2356	1.3850
2357	1.0589
2358	2.2433
2359	2.6600
2360	1.0960
2361	1.0042
2362	1.3133
2363	1.8498
2364	2.8897
2365	1.6226
2366	1.7361
2367	1.0099
2368	1.5640
2369	1.7178
2370	2.2769
2371	1.8900
2372	1.8301
2373	1.0075
2374	1.0126
2375	3.0122
2376	2.4795
2377	1.4105
2378	1.0540
2379	1.4611
2380	1.5349
2381	2.8255
2382	3.3285
2383	2.2612
2384	2.3780
2385	1.9138
2386	1.4582
2387	1.4791
2388	3.8686
2389	2.3671
2390	1.1728
2391	1.0411
2392	1.1766
2393	1.6906
2394	1.1972
2395	1.0749
2396	1.1480
2397	1.1340
2398	1.6815
2399	2.2936
2400	2.0476
2401	2.4513
2402	1.6815
2403	1.7909
2404	1.6065
2405	1.7084
2406	1.6815
2407	2.8467
2408	2.1678
2409	2.7836
2410	1.7670
2411	1.5904
2412	1.5140
2413	1.7263
2414	1.0084
2415	1.2293
2416	1.0859
2417	2.7914
2418	1.8473
2419	1.1190
2420	1.8505
2421	1.8562
2422	5.8783
2423	1.2916
2424	2.0945
2425	1.9753
2426	2.9614
2427	1.6990
2428	1.7507
2429	1.3451
2430	1.4166
2431	1.4751
2432	1.5464
2433	1.0134
2434	1.2640
2435	1.3812
2436	1.1451
2437	1.5003
2438	3.5440
2439	1.0189
2440	2.0880
2441	1.4033
2442	1.0074
2443	2.8819
2444	1.0002
2445	2.1473
2446	1.6187
2447	1.6044
2448	1.0656
2449	2.8061
2450	2.2591
2451	2.3942
2452	2.4145
2453	1.4015
2454	2.9418
2455	4.4807
2456	1.0428
2457	1.9870
2458	1.7589
2459	1.4018
2460	1.0407
2461	1.0186
2462	3.5292
2463	1.7809
2464	1.4102
2465	2.0919
2466	1.4677
2467	1.5399
2468	1.7688
2469	4.6363
2470	1.9915
2471	3.0752
2472	1.5376
2473	1.8020
2474	1.0346
2475	9.1911
2476	4.8119
2477	2.1916
2478	2.4615
2479	2.0210
2480	1.2826
2481	1.9346
2482	1.4396
2483	1.8577
2484	2.9508
2485	3.4897
2486	6.4386
2487	4.1081
2488	2.5019
2489	4.2378
2490	4.3179
2491	1.2420
2492	2.3621
2493	3.0782
2494	7.2345
2495	1.0671
2496	2.0250
2497	3.1038
2498	2.4478
2499	2.0338
2500	2.4338
2501	2.9096
2502	5.7817
2503	1.2843
2504	1.3987
2505	1.8408
2506	2.8307
2507	1.9446
2508	2.3587
2509	2.4360
2510	2.1348
2511	2.2568
2512	1.5367
2513	1.4165
2514	2.8346
2515	2.9252
2516	1.6652
2517	1.0461
2518	2.8456
2519	2.4276
2520	1.4505
2521	1.1102
2522	1.2124
2523	2.0136
2524	5.1883
2525	1.7997
2526	2.2286
2527	1.8264
2528	1.0721
2529	5.2200
2530	3.4181
2531	1.6907
2532	1.6365
2533	1.7428
2534	1.2618
2535	1.1442
2536	1.1158
2537	2.3659
2538	2.0217
2539	2.2778
2540	3.6109
2541	2.5744
2542	1.6684
2543	1.4586
2544	3.6339
2545	1.2662
2546	1.1079
2547	1.0134
2548	5.3694
2549	1.2766
2550	1.0577
2551	1.6632
2552	12.2199
2553	3.7588
2554	1.5036
2555	1.1310
2556	1.8810
2557	1.3674
2558	2.1626
2559	2.5984
2560	3.3881
2561	1.9204
2562	2.9475
2563	2.8837
2564	1.7381
2565	2.7807
2566	4.9161
2567	3.2911
2568	2.9569
2569	1.0188
2570	1.2690
2571	2.5032
2572	1.2305
2573	2.4271
2574	2.0448
2575	1.3042
2576	2.8627
2577	1.6631
2578	3.4264
2579	2.3434
2580	1.0004
2581	1.8061
2582	3.8587
2583	2.2317
2584	1.0031
2585	1.0024
2586	2.8297
2587	2.4647
2588	1.0239
2589	1.1732
2590	3.6785
2591	1.5387
2592	1.6525
2593	2.6141
2594	2.9999
2595	1.9508
2596	1.4411
2597	2.2203
2598	1.4567
2599	1.6700
2600	2.1894
2601	5.5500
2602	1.1973
2603	1.3761
2604	1.7265
2605	1.7589
2606	3.0628
2607	1.5331
2608	1.9316
2609	1.1336
2610	2.7759
2611	2.1864
2612	3.5495
2613	2.7261
2614	3.1574
2615	2.5843
2616	1.6941
2617	2.8920
2618	2.6993
2619	1.9382
2620	1.8049
2621	1.3157
2622	1.4216
2623	1.9220
2624	2.8943
2625	3.8907
2626	1.9030
2627	1.7859
2628	2.0330
2629	1.5624
2630	1.6212
2631	2.2034
2632	1.0048
2633	5.0376
2634	3.6036
2635	2.6471
2636	1.0861
2637	1.2900
2638	1.1905
2639	1.4879
2640	4.0768
2641	1.2790
2642	15.3898
2643	3.6359
2644	2.4300
2645	2.5978
2646	2.3096
2647	2.5257
2648	9.6266
2649	2.1880
2650	2.2759
2651	2.8840
2652	1.2092
2653	2.3327
2654	2.7022
2655	1.5285
2656	2.6354
2657	3.3618
2658	2.3060
2659	1.0327
2660	1.8078
2661	2.0082
2662	1.0982
2663	1.0117
2664	1.5051
2665	1.1295
2666	1.4092
2667	1.0374
2668	2.2300
2669	1.0164
2670	1.5732
2671	2.9246
2672	1.5718
2673	3.3276
2674	5.1716
2675	3.8275
2676	7.4085
2677	1.0057
2678	9.8923
2679	3.7345
2680	3.7418
2681	2.1175
2682	2.1201
2683	1.5196
2684	1.1039
2685	2.1013
2686	1.6222
2687	1.0212
2688	3.9196
2689	2.4719
2690	1.1591
2691	6.4359
2692	18.3400
2693	1.9640
2694	2.1698
2695	1.3643
2696	2.3183
2697	1.8058
2698	3.9304
2699	4.7738
2700	1.8611
2701	1.6451
2702	2.4126
2703	1.0205
2704	1.1390
2705	1.2788
2706	9.6371
2707	1.0743
2708	197.2846
2709	7.8094
2710	1.5161
2711	1.6834
2712	6.7302
2713	1.2007
2714	2.7042
2715	2.8959
2716	1.0006
2717	5.6128
2718	2.9778
2719	3.3633
2720	4.6702
2721	2.1539
2722	2.4841
2723	2.0883
2724	1.8672
2725	2.9894
2726	8.8062
2727	1.4169
2728	1.1242
2729	2.5263
2730	2.2229
2731	2.5501
2732	2.2539
2733	7.7998
2734	4.4994
2735	3.6631
2736	4.3861
2737	1.2000
2738	3.7651
2739	4.7647
2740	2.6088
2741	1.9255
2742	6.5047
2743	6.9060
2744	2.1972
2745	15.8668
2746	3.6165
2747	2.0697
2748	1.0204
2749	4.1565
2750	4.3402
2751	2.0654
2752	2.0823
2753	1.6357
2754	1.7799
2755	3.1240
2756	5.5873
2757	2.1325
2758	2.9376
2759	1.9292
2760	3.7994
2761	3.7449
2762	1.8127
2763	1.0546
2764	3.6507
2765	1.9010
2766	1.5726
2767	2.2474
2768	4.1423
2769	1.2784
2770	1.7890
2771	1.4804
2772	1.8063
2773	2.0308
2774	1.0809
2775	1.0371
2776	2.9419
2777	2.0126
2778	2.2195
2779	1.1145
2780	1.9922
2781	2.5016
2782	2.1393
2783	4.0679
2784	1.3959
2785	2.3170
2786	3.0325
2787	2.4261
2788	2.7927
2789	2.0792
2790	2.3048
2791	3.1452
2792	2.5332
2793	2.6671
2794	2.7139
2795	1.6059
2796	1.1806
2797	1.0574
2798	8.9968
2799	1.1417
2800	1.0518
2801	1.0003
2802	1.0481
2803	1.6205
2804	1.7035
2805	2.0478
2806	2.3667
2807	1.2948
2808	3.3344
2809	1.5083
2810	3.3382
2811	1.4422
2812	1.0429
2813	3.4521
2814	2.0828
2815	3.5156
2816	3.0694
2817	2.4344
2818	4.4354
2819	2.6292
2820	4.5088
2821	2.0265
2822	1.4805
2823	1.6302
2824	4.0126
2825	1.8160
2826	1.0017
2827	2.0710
2828	1.1776
2829	1.4498
2830	2.8635
2831	4.5773
2832	1.1556
2833	6.0784
2834	1.0207
2835	9.8233
2836	3.5728
2837	5.2432
2838	1.6555
2839	1.9128
2840	2.4224
2841	1.7094
2842	1.7085
2843	3.4636
2844	2.6895
2845	9.6646
2846	1.5388
2847	2.7504
2848	2.1591
2849	1.2681
2850	2.6074
2851	1.1343
2852	1.1318
2853	1.4291
2854	2.0184
2855	2.4217
2856	1.8356
2857	1.9711
2858	1.4955
2859	3.5175
2860	1.9796
2861	3.2835
2862	1.5127
2863	1.0043
2864	1.9493
2865	1.0782
2866	1.3061
2867	1.9520
2868	1.1392
2869	1.6397
2870	1.5393
2871	2.0378
2872	1.4054
2873	3.2885
2874	1.6540
2875	1.8558
2876	1.0323
2877	1.6155
2878	1.6200
2879	23.9722
2880	3.2132
2881	1.2409
2882	3.1884
2883	1.3576
2884	2.5166
2885	1.6386
2886	1.1530
2887	1.2698
2888	3.9084
2889	2.1599
2890	2.0013
2891	2.4782
2892	2.2420
2893	4.3741
2894	3.1366
2895	2.3008
2896	1.6814
2897	1.9522
2898	1.7309
2899	1.8701
2900	2.1936
2901	4.8312
2902	2.9229
2903	1.5086
2904	1.5490
2905	1.6379
2906	2.1685
2907	3.0052
2908	1.0790
2909	3.0480
2910	2.1230
2911	2.7075
2912	2.4097
2913	1.9253
2914	4.1964
2915	1.7367
2916	1.4185
2917	3.5410
2918	8.2467
2919	4.8380
2920	2.7993
2921	1.9482
2922	2.2828
2923	1.3284
2924	2.2692
2925	25.8756
2926	1.0881
2927	1.3066
2928	1.4457
2929	2.5272
2930	1.3622
2931	1.7965
2932	4.6084
2933	2.4634
2934	3.9993
2935	8.9152
2936	2.1187
2937	1.0337
2938	2.2123
2939	1.5152
2940	3.2374
2941	2.4253
2942	4.3978
2943	1.2040
2944	1.8155
2945	2.5067
2946	1.5049
2947	2.5331
2948	2.1938
2949	1.6055
2950	1.3203
2951	3.0831
2952	2.3300
2953	6.9485
2954	3.1363
2955	3.1313
2956	2.2412
2957	2.6698
2958	3.1503
2959	10.6906
2960	2.4785
2961	2.3850
2962	2.2330
2963	2.7965
2964	1.7595
2965	1.2780
2966	3.0233
2967	1.7498
2968	2.2787
2969	3.5682
2970	2.2173
2971	2.2176
2972	1.5402
2973	1.3260
2974	1.2784
2975	1.8376
2976	1.3472
2977	1.2984
2978	2.9292
2979	2.1512
2980	69.6749
2981	2.9581
2982	2.6374
2983	1.7738
2984	2.8966
2985	3.8828
2986	2.6634
2987	3.1103
2988	2.1718
2989	1.5445
2990	1.6538
2991	4.0872
2992	4.5908
2993	2.1597
2994	2.5363
2995	1.9480
2996	1.1169
2997	1.7779
2998	1.7297
2999	2.2289
3000	1.5288
3001	3.3673
3002	2.2888
3003	3.3591
3004	2.5793
3005	2.5880
3006	1.4416
3007	3.9665
3008	1.3905
3009	3.1642
3010	3.2566
3011	3.8523
3012	1.6655
3013	2.7068
3014	6.4168
3015	7.2875
3016	1.8992
3017	3.8533
3018	2.4873
3019	1.3033
3020	3.4627
3021	1.7822
3022	1.2688
3023	7.7369
3024	1.0069
3025	3.4515
3026	2.3472
3027	3.2826
3028	1.8774
3029	4.7958
3030	2.8407
3031	1.0319
3032	1.1401
3033	1.5427
3034	2.1259
3035	1.2599
3036	1.9139
3037	2.2144
3038	1.2616
3039	1.4106
3040	2.4492
3041	1.6662
3042	1.0298
3043	1.0202
3044	4.3377
3045	2.5523
3046	1.2800
3047	1.5419
3048	1.0109
3049	3.4633
3050	1.5307
3051	2.6139
3052	2.0903
3053	1.5653
3054	2.6724
3055	1.5006
3056	2.0354
3057	4.0314
3058	5.6243
3059	1.7172
3060	3.5952
3061	1.5434
3062	2.2466
3063	1.0992
3064	1.2904
3065	3.1326
3066	2.5495
3067	3.3495
3068	2.4350
3069	2.4036
3070	3.1551
3071	2.5310
3072	1.3776
3073	2.3921
3074	1.1988
3075	2.6885
3076	3.2019
3077	1.7311
3078	1.6505
3079	2.1380
3080	1.5328
3081	2.2900
3082	2.6917
3083	2.5603
3084	3.8311
3085	2.0869
3086	2.3981
3087	1.6267
3088	1.0038
3089	1.8727
3090	1.6417
3091	1.2264
3092	1.2133
3093	2.1779
3094	1.0130
3095	3.3805
3096	3.6436
3097	2.3817
3098	3.4563
3099	2.2903
3100	2.7068
3101	3.2383
3102	1.4066
3103	3.1777
3104	1.8921
3105	1.3517
3106	1.5403
3107	1.8097
3108	2.3196
3109	3.3059
3110	1.6368
3111	3.0362
3112	1.7857
3113	2.9159
3114	1.0003
3115	1.3719
3116	1.6121
3117	2.1704
3118	1.2220
3119	1.9661
3120	1.4353
3121	1.2273
3122	1.4108
3123	1.7301
3124	1.5851
3125	2.1683
3126	2.2662
3127	3.7616
3128	1.0659
3129	1.0466
3130	1.1461
3131	2.9592
3132	1.1471
3133	2.4046
3134	1.4643
3135	1.3777
3136	2.8582
3137	2.5137
3138	2.3228
3139	1.7323
3140	1.7373
3141	1.8178
3142	2.9285
3143	1.5606
3144	1.1550
3145	3.3167
3146	1.6737
3147	1.6157
3148	1.4035
3149	1.0543
3150	1.5309
3151	1.5316
3152	1.5298
3153	1.2291
3154	2.4279
3155	5.7411
3156	1.7271
3157	6.6188
3158	2.2257
3159	3.4118
3160	1.0098
3161	2.1676
3162	2.3908
3163	3.5563
3164	3.1541
3165	1.0085
3166	1.0433
3167	2.4723
3168	3.3024
3169	2.0337
3170	1.3741
3171	1.6420
3172	1.6516
3173	1.5234
3174	1.5062
3175	2.0291
3176	1.5362
3177	1.7120
3178	3.3180
3179	1.6605
3180	1.9403
3181	3.7886
3182	2.6653
3183	2.2633
3184	2.4412
3185	1.6395
3186	2.0579
3187	2.8522
3188	3.2799
3189	1.1186
3190	1.0346
3191	1.9628
3192	8.4957
3193	3.2839
3194	3.0748
3195	2.1607
3196	1.4458
3197	1.1190
3198	1.7031
3199	1.2575
3200	1.8680
3201	2.2578
3202	1.1233
3203	1.0203
3204	1.2029
3205	1.3910
3206	1.0323
3207	2.0796
3208	1.6568
3209	12.3771
3210	2.2950
3211	2.0376
3212	2.0362
3213	2.1944
3214	1.3333
3215	2.7319
3216	2.1265
3217	5.1023
3218	1.3810
3219	4.3193
3220	2.4128
3221	3.9294
3222	2.4338
3223	2.1214
3224	1.8492
3225	4.1979
3226	4.6193
3227	5.4500
3228	4.9255
3229	3.3079
3230	2.6639
3231	1.9167
3232	2.7238
3233	1.6385
3234	2.3947
3235	2.8275
3236	1.7832
3237	2.6577
3238	2.7350
3239	4.1445
3240	1.2109
3241	4.1980
3242	1.6846
3243	2.2311
3244	1.5548
3245	3.4599
3246	1.7533
3247	1.1958
3248	1.7091
3249	2.3796
3250	2.2591
3251	1.0008
3252	4.8123
3253	1.8592
3254	2.1377
3255	1.5591
3256	1.7947
3257	1.9552
3258	1.5562
3259	3.4297
3260	1.6609
3261	1.4702
3262	1.0842
3263	2.6954
3264	1.3444
3265	1.5039
3266	2.7529
3267	1.1345
3268	3.1106
3269	2.3567
3270	3.1052
3271	1.4182
3272	1.7193
3273	1.6786
3274	1.0826
3275	4.7677
3276	2.3127
3277	3.1522
3278	3.2005
3279	2.0371
3280	1.8898
3281	3.2861
3282	5.1397
3283	1.0424
3284	1.0133
3285	1.3424
3286	1.1844
3287	1.2226
3288	1.0260
3289	2.8866
3290	1.6111
3291	1.7729
3292	2.5465
3293	4.2033
3294	1.8890
3295	1.6162
3296	1.3159
3297	1.6939
3298	1.5962
3299	1.5518
3300	1.7367
3301	3.1268
3302	2.2442
3303	5.2358
3304	1.4559
3305	1.7666
3306	1.1958
3307	7.3269
3308	2.0242
3309	1.4692
3310	2.2811
3311	2.2172
3312	1.6057
3313	1.9814
3314	2.3545
3315	1.8011
3316	2.3632
3317	3.0412
3318	2.6877
3319	1.8295
3320	3.6300
3321	1.9967
3322	3.4645
3323	1.4346
3324	1.6728
3325	2.8852
3326	2.3640
3327	4.4682
3328	5.3263
3329	2.2990
3330	18.4623
3331	1.7431
3332	1.0831
3333	1.2059
3334	3.8389
3335	3.8695
3336	1.3652
3337	1.0264
3338	1.4625
3339	1.4770
3340	4.6259
3341	1.3638
3342	2.5902
3343	1.5529
3344	1.7520
3345	1.3417
3346	4.1303
3347	1.0481
3348	1.0151
3349	3.3576
3350	1.0765
3351	1.0285
3352	1.4049
3353	1.2673
3354	1.3657
3355	2.0958
3356	3.1102
3357	2.3997
3358	1.4324
3359	1.6309
3360	2.8617
3361	1.7296
3362	1.7231
3363	1.1666
3364	1.4451
3365	1.4832
3366	1.0357
3367	1.4832
3368	1.6334
3369	1.8464
3370	1.6922
3371	1.1872
3372	1.1807
3373	1.0058
3374	3.8187
3375	2.2813
3376	1.1414
3377	1.0021
3378	1.0972
3379	1.2120
3380	1.0045
3381	1.4623
3382	1.7830
3383	1.7334
3384	1.5494
3385	1.0024
3386	1.3610
3387	1.6854
3388	1.2516
3389	2.3790
3390	1.6125
3391	2.3469
3392	1.3677
3393	2.6198
3394	1.7849
3395	6.3827
3396	2.2286
3397	3.0674
3398	2.9402
3399	1.5602
3400	2.7600
3401	1.6547
3402	2.1845
3403	1.8684
3404	1.3492
3405	1.4986
3406	1.3144
3407	1.3838
3408	3.5799
3409	2.3802
3410	1.5048
3411	2.2144
3412	1.1959
3413	1.0618
3414	1.0612
3415	2.3169
3416	2.6861
3417	1.9454
3418	1.3306
3419	1.8156
3420	2.1011
3421	2.0909
3422	1.8802
3423	2.6680
3424	1.2550
3425	1.0368
3426	1.0673
3427	2.4336
3428	2.6059
3429	1.5486
3430	2.3916
3431	3.3506
3432	1.3396
3433	1.9184
3434	1.5133
3435	2.8315
3436	5.2692
3437	3.3603
3438	1.8943
3439	2.5035
3440	1.9329
3441	3.0947
3442	1.0052
3443	3.1000
3444	2.0537
3445	1.6871
3446	2.7644
3447	3.9697
3448	2.8775
3449	1.3227
3450	1.7912
3451	2.2635
3452	2.2698
3453	1.2819
3454	1.8185
3455	1.7855
3456	2.0966
3457	1.0652
3458	3.1130
3459	1.3650
3460	1.2888
3461	3.6715
3462	1.0683
3463	1.2131
3464	1.1838
3465	1.0080
3466	1.1880
3467	1.4831
3468	1.0716
3469	1.0190
3470	1.0312
3471	1.4093
3472	2.6917
3473	3.7901
3474	1.7382
3475	1.1063
3476	1.5655
3477	1.5451
3478	2.0815
3479	1.7325
3480	1.0061
3481	1.6364
3482	2.5007
3483	2.4988
3484	5.0790
3485	3.2468
3486	1.5835
3487	3.7562
3488	2.3121
3489	3.3710
3490	2.5393
3491	2.5409
3492	4.9131
3493	1.6563
3494	1.2872
3495	3.6153
3496	8.8309
3497	3.5165
3498	2.0209
3499	6.5768
3500	2.9154
3501	1.0875
3502	1.5764
3503	1.9603
3504	7.0685
3505	1.0430
3506	2.5662
3507	1.9979
3508	1.3251
3509	3.2904
3510	2.3436
3511	1.5339
3512	5.4410
3513	2.3054
3514	1.2774
3515	1.3201
3516	2.5973
3517	2.3868
3518	2.7205
3519	1.0044
3520	1.0559
3521	1.6370
3522	1.8487
3523	1.5067
3524	3.0294
3525	2.9817
3526	2.3773
3527	4.8667
3528	1.2282
3529	2.6499
3530	5.4052
3531	3.5352
3532	1.0119
3533	1.4646
3534	1.9703
3535	1.0312
3536	1.3077
3537	1.1620
3538	2.7260
3539	2.0400
3540	5.4959
3541	1.4771
3542	1.2259
3543	1.4335
3544	2.1748
3545	1.8643
3546	3.8991
3547	2.2883
3548	2.8377
3549	2.3548
3550	4.5179
3551	1.4421
3552	2.6300
3553	2.7169
3554	2.6430
3555	2.6259
3556	2.2245
3557	2.0431
3558	4.3409
3559	1.4693
3560	5.9800
3561	3.3892
3562	2.6766
3563	3.7652
3564	2.9754
3565	1.8845
3566	3.8903
3567	2.2400
3568	3.6459
3569	1.0302
3570	1.9904
3571	1.9424
3572	3.4310
3573	4.5853
3574	1.2373
3575	1.6890
3576	4.0612
3577	1.9841
3578	1.8060
3579	3.6916
3580	1.8068
3581	2.3404
3582	3.0943
3583	1.7987
3584	5.2022
3585	2.2021
3586	4.2191
3587	1.1911
3588	3.5238
3589	2.6817
3590	9.8681
3591	3.1624
3592	2.0384
3593	1.8769
3594	2.8295
3595	1.8173
3596	6.0377
3597	2.1122
3598	8.6573
3599	3.8294
3600	2.1926
3601	1.9755
3602	1.1252
3603	1.9750
3604	1.4231
3605	1.8071
3606	1.4701
3607	1.3804
3608	1.1058
3609	2.0732
3610	1.0605
3611	2.1171
3612	2.1935
3613	3.7871
3614	1.0421
3615	2.6146
3616	2.3661
3617	1.3273
3618	1.1798
3619	2.0709
3620	6.4180
3621	2.0398
3622	1.9605
3623	2.5649
3624	3.6815
3625	2.6709
3626	3.0520
3627	2.5054
3628	2.6992
3629	1.0683
3630	1.3776
3631	1.0014
3632	1.8195
3633	2.6180
3634	1.3190
3635	1.6125
3636	1.3657
3637	1.6943
3638	1.8916
3639	2.3534
3640	1.0162
3641	1.0305
3642	3.2988
3643	3.0942
3644	3.6119
3645	2.2644
3646	4.5300
3647	1.5723
3648	2.1166
3649	2.8625
3650	2.3968
3651	3.1890
3652	2.2631
3653	2.5556
3654	3.1462
3655	2.2877
3656	1.8316
3657	1.8440
3658	1.7753
3659	1.0892
3660	1.8923
3661	2.9749
3662	2.8919
3663	2.6013
3664	2.2364
3665	1.0075
3666	1.1573
3667	4.1310
3668	2.4110
3669	1.4489
3670	3.1962
3671	3.5673
3672	4.3331
3673	3.1360
3674	1.3558
3675	4.0119
3676	2.9393
3677	2.0048
3678	2.3321
3679	3.1282
3680	2.5331
3681	1.3286
3682	1.6653
3683	1.7648
3684	1.9315
3685	1.4397
3686	2.0605
3687	2.4690
3688	3.8642
3689	1.0082
3690	1.8062
3691	2.3642
3692	5.2078
3693	10.1813
3694	3.2660
3695	3.1716
3696	2.7594
3697	5.7823
3698	2.7535
3699	1.9327
3700	1.8033
3701	2.5049
3702	1.8045
3703	2.0922
3704	2.8563
3705	1.6527
3706	1.4304
3707	1.2632
3708	2.4029
3709	1.8823
3710	3.3141
3711	3.9505
3712	3.2777
3713	1.4476
3714	1.1208
3715	2.0246
3716	1.1442
3717	1.5679
3718	1.4185
3719	1.3064
3720	2.8122
3721	2.6384
3722	1.9464
3723	2.2669
3724	1.5076
3725	1.6380
3726	2.8437
3727	2.3952
3728	2.4720
3729	2.2789
3730	4.0328
3731	4.2072
3732	2.8282
3733	4.1303
3734	4.7061
3735	1.6390
3736	1.6520
3737	3.1454
3738	1.2133
3739	2.1931
3740	1.9744
3741	4.0755
3742	3.0875
3743	1.3628
3744	7.9576
3745	3.3727
3746	2.3085
3747	2.2866
3748	2.6301
3749	2.3222
3750	3.3358
3751	2.6715
3752	2.7886
3753	5.1317
3754	2.0543
3755	1.6807
3756	2.8133
3757	1.2509
3758	2.1475
3759	1.8114
3760	1.9541
